{
 "cells": [
  {
   "cell_type": "markdown",
   "metadata": {},
   "source": [
    "# Scikit-learn Introduction"
   ]
  },
  {
   "cell_type": "markdown",
   "metadata": {},
   "source": [
    "## Get the data"
   ]
  },
  {
   "cell_type": "code",
   "execution_count": 1,
   "metadata": {
    "scrolled": true
   },
   "outputs": [],
   "source": [
    "import pandas as pd\n",
    "\n",
    "# hides Jupyter warnings\n",
    "import warnings\n",
    "warnings.filterwarnings('ignore')"
   ]
  },
  {
   "cell_type": "code",
   "execution_count": 2,
   "metadata": {},
   "outputs": [],
   "source": [
    "# The iris dataset uses petal and sepal size to predict species of Iris flower\n",
    "\n",
    "iris_data = pd.read_csv(\"iris.csv\", names = [\"sepal_l\", \"sepal_w\", \"petal_l\", \"petal_w\", \"species\"])"
   ]
  },
  {
   "cell_type": "code",
   "execution_count": 3,
   "metadata": {},
   "outputs": [
    {
     "data": {
      "text/html": [
       "<div>\n",
       "<style scoped>\n",
       "    .dataframe tbody tr th:only-of-type {\n",
       "        vertical-align: middle;\n",
       "    }\n",
       "\n",
       "    .dataframe tbody tr th {\n",
       "        vertical-align: top;\n",
       "    }\n",
       "\n",
       "    .dataframe thead th {\n",
       "        text-align: right;\n",
       "    }\n",
       "</style>\n",
       "<table border=\"1\" class=\"dataframe\">\n",
       "  <thead>\n",
       "    <tr style=\"text-align: right;\">\n",
       "      <th></th>\n",
       "      <th>sepal_l</th>\n",
       "      <th>sepal_w</th>\n",
       "      <th>petal_l</th>\n",
       "      <th>petal_w</th>\n",
       "      <th>species</th>\n",
       "    </tr>\n",
       "  </thead>\n",
       "  <tbody>\n",
       "    <tr>\n",
       "      <th>0</th>\n",
       "      <td>5.1</td>\n",
       "      <td>3.5</td>\n",
       "      <td>1.4</td>\n",
       "      <td>0.2</td>\n",
       "      <td>Iris-setosa</td>\n",
       "    </tr>\n",
       "    <tr>\n",
       "      <th>1</th>\n",
       "      <td>4.9</td>\n",
       "      <td>3.0</td>\n",
       "      <td>1.4</td>\n",
       "      <td>0.2</td>\n",
       "      <td>Iris-setosa</td>\n",
       "    </tr>\n",
       "    <tr>\n",
       "      <th>2</th>\n",
       "      <td>4.7</td>\n",
       "      <td>3.2</td>\n",
       "      <td>1.3</td>\n",
       "      <td>0.2</td>\n",
       "      <td>Iris-setosa</td>\n",
       "    </tr>\n",
       "    <tr>\n",
       "      <th>3</th>\n",
       "      <td>4.6</td>\n",
       "      <td>3.1</td>\n",
       "      <td>1.5</td>\n",
       "      <td>0.2</td>\n",
       "      <td>Iris-setosa</td>\n",
       "    </tr>\n",
       "    <tr>\n",
       "      <th>4</th>\n",
       "      <td>5.0</td>\n",
       "      <td>3.6</td>\n",
       "      <td>1.4</td>\n",
       "      <td>0.2</td>\n",
       "      <td>Iris-setosa</td>\n",
       "    </tr>\n",
       "  </tbody>\n",
       "</table>\n",
       "</div>"
      ],
      "text/plain": [
       "   sepal_l  sepal_w  petal_l  petal_w      species\n",
       "0      5.1      3.5      1.4      0.2  Iris-setosa\n",
       "1      4.9      3.0      1.4      0.2  Iris-setosa\n",
       "2      4.7      3.2      1.3      0.2  Iris-setosa\n",
       "3      4.6      3.1      1.5      0.2  Iris-setosa\n",
       "4      5.0      3.6      1.4      0.2  Iris-setosa"
      ]
     },
     "execution_count": 3,
     "metadata": {},
     "output_type": "execute_result"
    }
   ],
   "source": [
    "iris_data.head()"
   ]
  },
  {
   "cell_type": "markdown",
   "metadata": {},
   "source": [
    "## Separate the data into X (features) and y (target)"
   ]
  },
  {
   "cell_type": "code",
   "execution_count": 4,
   "metadata": {},
   "outputs": [],
   "source": [
    "# return only the values, not the DataFrame\n",
    "   # capital X usually indicates all of the features that the algorithm will be given to learn from\n",
    "    \n",
    "X = iris_data[[\"sepal_l\", \"sepal_w\", \"petal_l\", \"petal_w\"]].values"
   ]
  },
  {
   "cell_type": "code",
   "execution_count": 5,
   "metadata": {},
   "outputs": [
    {
     "data": {
      "text/plain": [
       "array([[5.1, 3.5, 1.4, 0.2],\n",
       "       [4.9, 3. , 1.4, 0.2],\n",
       "       [4.7, 3.2, 1.3, 0.2],\n",
       "       [4.6, 3.1, 1.5, 0.2],\n",
       "       [5. , 3.6, 1.4, 0.2]])"
      ]
     },
     "execution_count": 5,
     "metadata": {},
     "output_type": "execute_result"
    }
   ],
   "source": [
    "X[:5]"
   ]
  },
  {
   "cell_type": "code",
   "execution_count": 6,
   "metadata": {},
   "outputs": [
    {
     "data": {
      "text/plain": [
       "array(['Iris-setosa', 'Iris-versicolor', 'Iris-virginica'], dtype=object)"
      ]
     },
     "execution_count": 6,
     "metadata": {},
     "output_type": "execute_result"
    }
   ],
   "source": [
    "# get the categorical target variable names\n",
    "iris_data[\"species\"].unique()"
   ]
  },
  {
   "cell_type": "code",
   "execution_count": 7,
   "metadata": {},
   "outputs": [],
   "source": [
    "# lowercase y usually indicates the classifications that you would like to predict.\n",
    "    # Most algorithms require strings to be converted to numbers (you can use .map() to accomplish this).\n",
    "    \n",
    "y = iris_data['species'].map({\"Iris-setosa\":0, 'Iris-versicolor':1, 'Iris-virginica': 2}).values"
   ]
  },
  {
   "cell_type": "code",
   "execution_count": 8,
   "metadata": {},
   "outputs": [
    {
     "data": {
      "text/plain": [
       "array([0, 0, 0, 0, 0, 0, 0, 0, 0, 0, 0, 0, 0, 0, 0, 0, 0, 0, 0, 0, 0, 0,\n",
       "       0, 0, 0, 0, 0, 0, 0, 0, 0, 0, 0, 0, 0, 0, 0, 0, 0, 0, 0, 0, 0, 0,\n",
       "       0, 0, 0, 0, 0, 0, 1, 1, 1, 1, 1, 1, 1, 1, 1, 1, 1, 1, 1, 1, 1, 1,\n",
       "       1, 1, 1, 1, 1, 1, 1, 1, 1, 1, 1, 1, 1, 1, 1, 1, 1, 1, 1, 1, 1, 1,\n",
       "       1, 1, 1, 1, 1, 1, 1, 1, 1, 1, 1, 1, 2, 2, 2, 2, 2, 2, 2, 2, 2, 2,\n",
       "       2, 2, 2, 2, 2, 2, 2, 2, 2, 2, 2, 2, 2, 2, 2, 2, 2, 2, 2, 2, 2, 2,\n",
       "       2, 2, 2, 2, 2, 2, 2, 2, 2, 2, 2, 2, 2, 2, 2, 2, 2, 2], dtype=int64)"
      ]
     },
     "execution_count": 8,
     "metadata": {},
     "output_type": "execute_result"
    }
   ],
   "source": [
    "y"
   ]
  },
  {
   "cell_type": "markdown",
   "metadata": {},
   "source": [
    "## Split the data into train and test sets"
   ]
  },
  {
   "cell_type": "code",
   "execution_count": 9,
   "metadata": {},
   "outputs": [],
   "source": [
    "# split dataset into test/train sets using scikit-learn\n",
    "from sklearn.model_selection import train_test_split\n",
    "X_train, X_test, y_train, y_test = train_test_split(X, y, random_state=1, test_size=0.3)"
   ]
  },
  {
   "cell_type": "code",
   "execution_count": 10,
   "metadata": {},
   "outputs": [
    {
     "data": {
      "text/plain": [
       "((105, 4), (45, 4))"
      ]
     },
     "execution_count": 10,
     "metadata": {},
     "output_type": "execute_result"
    }
   ],
   "source": [
    "X_train.shape, X_test.shape"
   ]
  },
  {
   "cell_type": "markdown",
   "metadata": {},
   "source": [
    "## Standardize the data"
   ]
  },
  {
   "cell_type": "code",
   "execution_count": 11,
   "metadata": {},
   "outputs": [],
   "source": [
    "# standardize features using scikit-learn\n",
    "from sklearn.preprocessing import StandardScaler\n",
    "stdsc = StandardScaler()\n",
    "\n",
    "X_train_std = stdsc.fit_transform(X_train)\n",
    "X_test_std = stdsc.transform(X_test)"
   ]
  },
  {
   "cell_type": "code",
   "execution_count": 12,
   "metadata": {},
   "outputs": [
    {
     "data": {
      "text/plain": [
       "array([[5.8, 4. , 1.2, 0.2],\n",
       "       [5.1, 2.5, 3. , 1.1],\n",
       "       [6.6, 3. , 4.4, 1.4],\n",
       "       [5.4, 3.9, 1.3, 0.4],\n",
       "       [7.9, 3.8, 6.4, 2. ]])"
      ]
     },
     "execution_count": 12,
     "metadata": {},
     "output_type": "execute_result"
    }
   ],
   "source": [
    "# pre-standardized data\n",
    "X_test[:5]"
   ]
  },
  {
   "cell_type": "code",
   "execution_count": 13,
   "metadata": {},
   "outputs": [
    {
     "data": {
      "text/plain": [
       "array([[-1.05669938e-15,  2.33905742e+00, -1.42731553e+00,\n",
       "        -1.26766340e+00],\n",
       "       [-8.32816412e-01, -1.29051444e+00, -4.15452683e-01,\n",
       "        -1.14687545e-01],\n",
       "       [ 9.51790185e-01, -8.06571522e-02,  3.71551755e-01,\n",
       "         2.69637740e-01],\n",
       "       [-4.75895093e-01,  2.09708596e+00, -1.37110093e+00,\n",
       "        -1.01144654e+00],\n",
       "       [ 2.49844924e+00,  1.85511450e+00,  1.49584381e+00,\n",
       "         1.03828831e+00]])"
      ]
     },
     "execution_count": 13,
     "metadata": {},
     "output_type": "execute_result"
    }
   ],
   "source": [
    "# standardized data\n",
    "X_test_std[:5]"
   ]
  },
  {
   "cell_type": "markdown",
   "metadata": {},
   "source": [
    "# Algorithms\n",
    "##  Create and evaluate some models"
   ]
  },
  {
   "cell_type": "markdown",
   "metadata": {},
   "source": [
    "# REGRESSION"
   ]
  },
  {
   "cell_type": "markdown",
   "metadata": {},
   "source": [
    "### Linear Regression"
   ]
  },
  {
   "cell_type": "code",
   "execution_count": 25,
   "metadata": {},
   "outputs": [],
   "source": [
    "# Learning the Celsius to Fahrenheit relationship (F = C*1.8 + 32) given examples\n",
    "\n",
    "# INPUT:  Celsius\n",
    "X = [[0], [8], [15], [22]]\n",
    "\n",
    "\n",
    "# OUTPUT:  Fahrenheit  \n",
    "y = [[32], [46.4], [59], [71.6]]"
   ]
  },
  {
   "cell_type": "code",
   "execution_count": 26,
   "metadata": {},
   "outputs": [
    {
     "data": {
      "text/plain": [
       "LinearRegression(copy_X=True, fit_intercept=True, n_jobs=None,\n",
       "         normalize=False)"
      ]
     },
     "execution_count": 26,
     "metadata": {},
     "output_type": "execute_result"
    }
   ],
   "source": [
    "# Create a Linear Regression model\n",
    "from sklearn.linear_model import LinearRegression\n",
    "lin_reg = LinearRegression()\n",
    "\n",
    "# fit the model to the training data (X and y)\n",
    "lin_reg.fit(X, y)"
   ]
  },
  {
   "cell_type": "code",
   "execution_count": 27,
   "metadata": {},
   "outputs": [
    {
     "data": {
      "text/plain": [
       "array([[100.4]])"
      ]
     },
     "execution_count": 27,
     "metadata": {},
     "output_type": "execute_result"
    }
   ],
   "source": [
    "# use the learned model to make a prediction on a new data point\n",
    "lin_reg.predict([[38]])"
   ]
  },
  {
   "cell_type": "code",
   "execution_count": 28,
   "metadata": {},
   "outputs": [
    {
     "data": {
      "text/plain": [
       "array([[1.8]])"
      ]
     },
     "execution_count": 28,
     "metadata": {},
     "output_type": "execute_result"
    }
   ],
   "source": [
    "lin_reg.coef_"
   ]
  },
  {
   "cell_type": "code",
   "execution_count": 29,
   "metadata": {},
   "outputs": [
    {
     "data": {
      "text/plain": [
       "array([32.])"
      ]
     },
     "execution_count": 29,
     "metadata": {},
     "output_type": "execute_result"
    }
   ],
   "source": [
    "lin_reg.intercept_"
   ]
  },
  {
   "cell_type": "markdown",
   "metadata": {},
   "source": [
    "# CLASSIFICATION"
   ]
  },
  {
   "cell_type": "markdown",
   "metadata": {},
   "source": [
    "### Logistic Regression"
   ]
  },
  {
   "cell_type": "code",
   "execution_count": 14,
   "metadata": {},
   "outputs": [
    {
     "data": {
      "text/plain": [
       "LogisticRegression(C=1.0, class_weight=None, dual=False, fit_intercept=True,\n",
       "          intercept_scaling=1, max_iter=100, multi_class='warn',\n",
       "          n_jobs=None, penalty='l2', random_state=None, solver='warn',\n",
       "          tol=0.0001, verbose=0, warm_start=False)"
      ]
     },
     "execution_count": 14,
     "metadata": {},
     "output_type": "execute_result"
    }
   ],
   "source": [
    "# binary classifier\n",
    "from sklearn.linear_model import LogisticRegression\n",
    "\n",
    "\n",
    "log_reg = LogisticRegression()\n",
    "log_reg.fit(X_train, y_train)"
   ]
  },
  {
   "cell_type": "code",
   "execution_count": 15,
   "metadata": {},
   "outputs": [
    {
     "data": {
      "text/plain": [
       "array([0, 1, 1, 0, 2, 2, 2, 0, 0, 2, 1, 0, 2, 1, 2, 0, 1, 2, 0, 0, 1, 2,\n",
       "       2, 0, 2, 1, 0, 0, 1, 2, 1, 2, 1, 2, 2, 0, 1, 0, 1, 2, 2, 0, 2, 2,\n",
       "       1], dtype=int64)"
      ]
     },
     "execution_count": 15,
     "metadata": {},
     "output_type": "execute_result"
    }
   ],
   "source": [
    "log_reg.predict(X_test)"
   ]
  },
  {
   "cell_type": "code",
   "execution_count": 17,
   "metadata": {},
   "outputs": [
    {
     "data": {
      "text/plain": [
       "array([[9.26701103e-01, 7.32874624e-02, 1.14343567e-05],\n",
       "       [2.80435365e-01, 6.23007144e-01, 9.65574911e-02],\n",
       "       [4.79341944e-02, 7.51631375e-01, 2.00434431e-01],\n",
       "       [9.40151823e-01, 5.98009805e-02, 4.71965298e-05],\n",
       "       [1.13303388e-03, 2.97854278e-01, 7.01012688e-01],\n",
       "       [2.72398208e-02, 4.17469090e-01, 5.55291089e-01],\n",
       "       [3.44247270e-03, 2.74280433e-01, 7.22277094e-01],\n",
       "       [9.28016630e-01, 7.16560297e-02, 3.27340183e-04],\n",
       "       [8.53651745e-01, 1.45990653e-01, 3.57601689e-04],\n",
       "       [8.99229762e-04, 2.25377943e-01, 7.73722827e-01],\n",
       "       [2.69011925e-02, 5.40807755e-01, 4.32291053e-01],\n",
       "       [9.32525056e-01, 6.73606657e-02, 1.14278375e-04],\n",
       "       [5.24023874e-04, 3.24718067e-01, 6.74757909e-01],\n",
       "       [4.75066650e-02, 5.86482429e-01, 3.66010906e-01],\n",
       "       [1.83396339e-02, 4.77753541e-01, 5.03906825e-01],\n",
       "       [8.82971089e-01, 1.16720108e-01, 3.08803089e-04],\n",
       "       [4.64149328e-02, 7.17011933e-01, 2.36573134e-01],\n",
       "       [1.65574625e-02, 3.29502329e-01, 6.53940209e-01],\n",
       "       [8.70375470e-01, 1.29512862e-01, 1.11667567e-04],\n",
       "       [8.51328361e-01, 1.48584654e-01, 8.69851797e-05],\n",
       "       [1.31446901e-02, 5.09434534e-01, 4.77420776e-01],\n",
       "       [1.41272349e-02, 2.77439881e-01, 7.08432884e-01],\n",
       "       [7.00966710e-03, 4.78909103e-01, 5.14081230e-01],\n",
       "       [9.04728611e-01, 9.51651847e-02, 1.06204075e-04],\n",
       "       [8.44771230e-04, 3.64725598e-01, 6.34429631e-01],\n",
       "       [4.70739512e-02, 5.91778088e-01, 3.61147961e-01],\n",
       "       [9.51363687e-01, 4.86114809e-02, 2.48323756e-05],\n",
       "       [9.31496490e-01, 6.83957598e-02, 1.07750651e-04],\n",
       "       [1.30577175e-02, 6.08258597e-01, 3.78683686e-01],\n",
       "       [1.59425849e-03, 3.85459553e-01, 6.12946189e-01],\n",
       "       [2.09548349e-02, 5.21054458e-01, 4.57990707e-01],\n",
       "       [3.51315846e-04, 3.59491761e-01, 6.40156924e-01],\n",
       "       [4.83109341e-02, 7.26149432e-01, 2.25539633e-01],\n",
       "       [5.56701250e-04, 2.85436442e-01, 7.14006857e-01],\n",
       "       [1.05061417e-03, 1.77074939e-01, 8.21874447e-01],\n",
       "       [9.04869298e-01, 9.50637099e-02, 6.69920174e-05],\n",
       "       [1.87919226e-02, 6.01990218e-01, 3.79217860e-01],\n",
       "       [8.67319492e-01, 1.32598993e-01, 8.15146855e-05],\n",
       "       [1.56662683e-02, 6.41009156e-01, 3.43324575e-01],\n",
       "       [3.12659551e-04, 4.13442963e-01, 5.86244378e-01],\n",
       "       [1.20080081e-03, 2.97280380e-01, 7.01518819e-01],\n",
       "       [8.97082162e-01, 1.02806395e-01, 1.11443448e-04],\n",
       "       [1.21915997e-03, 4.63618115e-01, 5.35162725e-01],\n",
       "       [8.38125018e-04, 3.04689255e-01, 6.94472620e-01],\n",
       "       [2.52638055e-02, 7.52921328e-01, 2.21814867e-01]])"
      ]
     },
     "execution_count": 17,
     "metadata": {},
     "output_type": "execute_result"
    }
   ],
   "source": [
    "log_reg.predict_proba(X_test)"
   ]
  },
  {
   "cell_type": "code",
   "execution_count": 16,
   "metadata": {},
   "outputs": [
    {
     "data": {
      "text/plain": [
       "0.8888888888888888"
      ]
     },
     "execution_count": 16,
     "metadata": {},
     "output_type": "execute_result"
    }
   ],
   "source": [
    "log_reg.score(X_test, y_test)"
   ]
  },
  {
   "cell_type": "markdown",
   "metadata": {},
   "source": [
    "### Support Vector Machine"
   ]
  },
  {
   "cell_type": "code",
   "execution_count": 18,
   "metadata": {},
   "outputs": [
    {
     "data": {
      "text/plain": [
       "1.0"
      ]
     },
     "execution_count": 18,
     "metadata": {},
     "output_type": "execute_result"
    }
   ],
   "source": [
    "from sklearn.svm import SVC\n",
    "svm = SVC(kernel='linear')\n",
    "svm.fit(X_train, y_train)\n",
    "svm.score(X_test, y_test)"
   ]
  },
  {
   "cell_type": "markdown",
   "metadata": {},
   "source": [
    "### Decision Tree"
   ]
  },
  {
   "cell_type": "code",
   "execution_count": 19,
   "metadata": {},
   "outputs": [
    {
     "data": {
      "text/plain": [
       "0.9555555555555556"
      ]
     },
     "execution_count": 19,
     "metadata": {},
     "output_type": "execute_result"
    }
   ],
   "source": [
    "from sklearn.tree import DecisionTreeClassifier\n",
    "tree = DecisionTreeClassifier()\n",
    "tree.fit(X_train, y_train)\n",
    "tree.score(X_test, y_test)"
   ]
  },
  {
   "cell_type": "markdown",
   "metadata": {},
   "source": [
    "### K-nearest Neighbors"
   ]
  },
  {
   "cell_type": "code",
   "execution_count": 24,
   "metadata": {},
   "outputs": [
    {
     "data": {
      "text/plain": [
       "0.9777777777777777"
      ]
     },
     "execution_count": 24,
     "metadata": {},
     "output_type": "execute_result"
    }
   ],
   "source": [
    "from sklearn.neighbors import KNeighborsClassifier\n",
    "knn = KNeighborsClassifier(n_neighbors=3)\n",
    "knn.fit(X_train, y_train)\n",
    "knn.score(X_test, y_test)"
   ]
  }
 ],
 "metadata": {
  "kernelspec": {
   "display_name": "Python 3",
   "language": "python",
   "name": "python3"
  },
  "language_info": {
   "codemirror_mode": {
    "name": "ipython",
    "version": 3
   },
   "file_extension": ".py",
   "mimetype": "text/x-python",
   "name": "python",
   "nbconvert_exporter": "python",
   "pygments_lexer": "ipython3",
   "version": "3.7.1"
  }
 },
 "nbformat": 4,
 "nbformat_minor": 2
}
